7587.585002767248
8388.94347934928
8156.1672672066925
8330.347121656225
8587.728062156566
8480.556601770226
8196.06722196973
8545.467565069846
8866.2680783295
8446.8190472723
8764.100802875817
8502.44877809937
8417.85737811582
8022.457840752346
8034.587010088053
8273.270748980243
8595.642020946374
8149.426779875942
8514.227233871316
8382.07194744073
8533.686110042185
8487.29796700858
8653.530763757675
8189.6894637346895
8242.069480683793
8436.516264912323
8457.247789127005
8466.149077852595
8385.075899357165
8238.090826708465
7901.344178287341
7871.326412968969
8244.661413501939
8606.61122866748
8634.773229120756
8508.853423651168
8233.847546510113
8510.186219956073
8687.17525647131
8401.689802152307
8587.664664504742
8459.073027439357
8193.68763373259
8397.909448267077
7986.902820984068
8383.49739371988
8126.523788614641
8207.330699805661
8408.352342094298
8057.515886504864
8461.894299810887
8335.054426782426
8160.520062966125
8042.443296398958
7974.16491052898
8698.90732763442
8330.863635649612
8902.380173806696
8750.37856995862
8539.722350406051
